1 24 24 147
2 24 24 243
3 24 24 339
4 24 24 435
5 24 24 101
6 24 24 197
7 24 24 293
8 24 24 389
9 24 24 485
10 24 24 151
11 24 24 247
12 24 24 343
13 24 24 439
14 24 24 105
15 24 24 201
16 24 24 297
17 24 24 393
18 24 24 489
19 24 24 155
20 24 24 251
21 24 24 347
22 24 24 443
23 24 24 109
24 24 24 205
25 24 24 301
26 24 24 397
27 24 24 493
28 24 24 159
29 24 24 255
30 24 24 351
31 24 24 447
32 24 24 113
33 24 24 209
34 24 24 305
35 24 24 401
36 24 24 497
37 24 24 163
38 24 24 259
39 24 24 355
40 24 24 451
41 24 24 117
42 24 24 213
43 24 24 309
44 24 24 405
45 24 24 501
46 24 24 147
47 24 24 243
48 24 24 339
49 24 24 435
50 24 24 101
51 24 24 197
52 24 24 293
53 24 24 389
54 24 24 485
55 24 24 151
56 24 24 247
57 24 24 343
58 24 24 439
59 24 24 105
60 24 24 201
61 24 24 297
62 24 24 393
63 24 24 489
64 24 24 155
65 24 24 251
66 24 24 347
67 24 24 443
68 24 24 109
69 24 24 205
70 24 24 301
71 24 24 397
72 24 24 493
73 24 24 159
74 24 24 255
75 24 24 351
76 24 24 447
77 24 24 113
78 24 24 209
79 24 24 305
80 24 24 401
81 24 24 497
82 24 24 163
83 24 24 259
84 24 24 355
85 24 24 451
86 24 24 117
87 24 24 213
88 24 24 309
89 24 24 405
90 24 24 501
91 24 24 147
92 24 24 243
93 24 24 339
94 24 24 435
95 24 24 101
96 24 24 197
97 24 24 293
98 24 24 389
99 24 24 485
100 24 24 151
101 24 24 247
102 24 24 343
103 24 24 439
104 24 24 105
105 24 24 201
106 24 24 297
107 24 24 393
108 24 24 489
109 24 24 155
110 24 24 251
111 24 24 347
112 24 24 443
113 24 24 109
114 24 24 205
115 24 24 301
116 24 24 397
117 24 24 493
118 24 24 159
119 24 24 255
120 24 24 351
121 24 24 447
122 24 24 113
123 24 24 209
124 24 24 305
125 24 24 401
126 24 24 497
127 24 24 163
128 24 24 259
129 24 24 355
130 24 24 451
131 24 24 117
132 24 24 213
133 24 24 309
134 24 24 405
135 24 24 501
