1 24 24 197 255 347 401 439
2 24 24 201 293 351 355 443
3 24 24 205 251 297 389 447
4 24 24 209 247 259 301 393
5 24 24 251 305 343 397 451
6 24 24 105 151 163 201 213 247 259 293 297 389 397 435 489 493 501
7 24 24 101 109 117 147 155 197 305 309 339 343 351 401 451 485 497
8 24 24 113 159 205 209 243 251 255 301 347 355 393 405 439 443 447
9 24 24 151 163 197 201 209 213 259 301 339 347 393 401 435 439 489
10 24 24 105 109 113 117 155 159 243 309 343 351 355 405 443 451 485
11 24 24 197 255 347 401 439
12 24 24 201 293 351 355 443
13 24 24 205 251 297 389 447
14 24 24 209 247 259 301 393
15 24 24 251 305 343 397 451
16 24 24 105 151 163 201 213 247 259 293 297 389 397 435 489 493 501
17 24 24 101 109 117 147 155 197 305 309 339 343 351 401 451 485 497
18 24 24 113 159 205 209 243 251 255 301 347 355 393 405 439 443 447
19 24 24 151 163 197 201 209 213 259 301 339 347 393 401 435 439 489
20 24 24 105 109 113 117 155 159 243 309 343 351 355 405 443 451 485
21 24 24 197 255 347 401 439
22 24 24 201 293 351 355 443
23 24 24 205 251 297 389 447
24 24 24 209 247 259 301 393
25 24 24 251 305 343 397 451
26 24 24 105 151 163 201 213 247 259 293 297 389 397 435 489 493 501
27 24 24 101 109 117 147 155 197 305 309 339 343 351 401 451 485 497
28 24 24 113 159 205 209 243 251 255 301 347 355 393 405 439 443 447
29 24 24 151 163 197 201 209 213 259 301 339 347 393 401 435 439 489
30 24 24 105 109 113 117 155 159 243 309 343 351 355 405 443 451 485
