1 24 24 147 163 209 243 255 443 485
2 24 24 147 163 197 255 443 447 501
3 24 24 163 197 201 247 301 447 501
4 24 24 109 201 247 301 309 355 501
5 24 24 109 201 309 355 393 405 439
6 24 24 117 151 259 355 393 405 439
7 24 24 117 151 259 347 351 389 439
8 24 24 105 117 339 347 351 389 493
9 24 24 105 293 297 339 389 489 493
10 24 24 155 251 293 297 305 489 493
11 24 24 155 251 305 343 435 451 489
12 24 24 305 343 397 401 435 451 497
13 24 24 101 205 213 397 401 451 497
14 24 24 101 113 159 205 209 213 497
15 24 24 101 113 147 159 209 243 485
16 24 24 109 147 163 197 201 209 243 247 255 301 309 443 447 485 501
17 24 24 109 151 163 197 201 247 301 309 355 393 405 439 443 447 501
18 24 24 109 117 151 201 247 259 301 309 347 351 355 389 393 405 439
19 24 24 105 117 151 259 293 297 339 347 351 355 389 393 405 439 493
20 24 24 105 117 155 251 259 293 297 305 339 347 351 389 435 489 493
21 24 24 105 155 251 293 297 305 339 343 397 401 435 451 489 493 497
22 24 24 101 113 155 159 205 213 251 305 343 397 401 435 451 489 497
23 24 24 101 113 147 159 205 209 213 243 255 343 397 401 451 485 497
24 24 24 101 113 147 159 163 197 205 209 213 243 255 443 447 485 501
