1 24 24 101 147 197 243 293 339 435
2 24 24 101 151 197 293 389 435 485
3 24 24 151 247 293 343 389 439 485
4 24 24 105 151 201 247 297 343 439
5 24 24 105 155 201 297 393 439 489
6 24 24 155 251 297 347 393 443 489
7 24 24 109 155 205 251 301 347 443
8 24 24 109 159 205 301 397 443 493
9 24 24 159 255 301 351 397 447 493
10 24 24 113 159 209 255 305 351 447
11 24 24 113 163 209 305 401 447 497
12 24 24 163 259 305 355 401 451 497
13 24 24 117 163 213 259 309 355 451
14 24 24 117 147 213 309 405 451 501
15 24 24 147 243 309 339 405 435 501
16 24 24 101 105 147 151 197 201 243 247 293 339 343 389 435 439 485
17 24 24 105 151 155 197 201 247 251 293 297 343 389 393 439 485 489
18 24 24 105 109 155 201 205 247 251 297 301 343 347 393 439 443 489
19 24 24 109 155 159 205 251 255 297 301 347 351 393 397 443 489 493
20 24 24 109 113 159 205 209 255 301 305 347 351 397 401 443 447 493
21 24 24 113 159 163 209 255 259 305 351 355 397 401 447 451 493 497
22 24 24 113 117 163 209 213 259 305 309 355 401 405 447 451 497 501
23 24 24 101 117 147 163 213 243 259 309 339 355 405 435 451 497 501
24 24 24 101 117 147 151 197 213 243 293 309 339 389 405 435 485 501
