1 24 24 109 201 247 301 309 355 501
2 24 24 117 151 259 347 351 389 439
3 24 24 155 251 293 297 305 489 493
4 24 24 109 201 247 301 309 355 501
5 24 24 155 251 293 297 305 489 493
6 24 24 117 151 259 347 351 389 439
7 24 24 117 151 259 347 351 389 439
8 24 24 109 201 247 301 309 355 501
9 24 24 155 251 293 297 305 489 493
10 24 24 117 151 259 347 351 389 439
11 24 24 155 251 293 297 305 489 493
12 24 24 109 201 247 301 309 355 501
13 24 24 155 251 293 297 305 489 493
14 24 24 109 201 247 301 309 355 501
15 24 24 117 151 259 347 351 389 439
16 24 24 155 251 293 297 305 489 493
17 24 24 117 151 259 347 351 389 439
18 24 24 109 201 247 301 309 355 501
