1 24 24 109 201 247 301 309 355 501
2 24 24 117 151 259 347 351 389 439
3 24 24 155 251 293 297 305 489 493
4 24 24 109 201 247 301 309 355 501
5 24 24 155 251 293 297 305 489 493
6 24 24 117 151 259 347 351 389 439
7 24 24 117 151 259 347 351 389 439
8 24 24 109 201 247 301 309 355 501
9 24 24 155 251 293 297 305 489 493
10 24 24 117 151 259 347 351 389 439
11 24 24 155 251 293 297 305 489 493
12 24 24 109 201 247 301 309 355 501
13 24 24 155 251 293 297 305 489 493
14 24 24 109 201 247 301 309 355 501
15 24 24 117 151 259 347 351 389 439
16 24 24 155 251 293 297 305 489 493
17 24 24 117 151 259 347 351 389 439
18 24 24 109 201 247 301 309 355 501
19 24 24 109 147 163 197 201 209 243 247 255 301 309 443 447 485 501
20 24 24 105 117 151 259 293 297 339 347 351 355 389 393 405 439 493
21 24 24 101 113 155 159 205 213 251 305 343 397 401 435 451 489 497
22 24 24 109 147 163 197 201 209 243 247 255 301 309 443 447 485 501
23 24 24 101 113 155 159 205 213 251 305 343 397 401 435 451 489 497
24 24 24 105 117 151 259 293 297 339 347 351 355 389 393 405 439 493
25 24 24 105 117 151 259 293 297 339 347 351 355 389 393 405 439 493
26 24 24 109 147 163 197 201 209 243 247 255 301 309 443 447 485 501
27 24 24 101 113 155 159 205 213 251 305 343 397 401 435 451 489 497
28 24 24 105 117 151 259 293 297 339 347 351 355 389 393 405 439 493
29 24 24 101 113 155 159 205 213 251 305 343 397 401 435 451 489 497
30 24 24 109 147 163 197 201 209 243 247 255 301 309 443 447 485 501
31 24 24 101 113 155 159 205 213 251 305 343 397 401 435 451 489 497
32 24 24 109 147 163 197 201 209 243 247 255 301 309 443 447 485 501
33 24 24 105 117 151 259 293 297 339 347 351 355 389 393 405 439 493
34 24 24 101 113 155 159 205 213 251 305 343 397 401 435 451 489 497
35 24 24 105 117 151 259 293 297 339 347 351 355 389 393 405 439 493
36 24 24 109 147 163 197 201 209 243 247 255 301 309 443 447 485 501
