1 24 24 109 147 163 197 201 209 243 247 255 301 309 443 447 485 501
2 24 24 105 117 151 259 293 297 339 347 351 355 389 393 405 439 493
3 24 24 101 113 155 159 205 213 251 305 343 397 401 435 451 489 497
4 24 24 109 147 163 197 201 209 243 247 255 301 309 443 447 485 501
5 24 24 101 113 155 159 205 213 251 305 343 397 401 435 451 489 497
6 24 24 105 117 151 259 293 297 339 347 351 355 389 393 405 439 493
7 24 24 105 117 151 259 293 297 339 347 351 355 389 393 405 439 493
8 24 24 109 147 163 197 201 209 243 247 255 301 309 443 447 485 501
9 24 24 101 113 155 159 205 213 251 305 343 397 401 435 451 489 497
10 24 24 105 117 151 259 293 297 339 347 351 355 389 393 405 439 493
11 24 24 101 113 155 159 205 213 251 305 343 397 401 435 451 489 497
12 24 24 109 147 163 197 201 209 243 247 255 301 309 443 447 485 501
13 24 24 101 113 155 159 205 213 251 305 343 397 401 435 451 489 497
14 24 24 109 147 163 197 201 209 243 247 255 301 309 443 447 485 501
15 24 24 105 117 151 259 293 297 339 347 351 355 389 393 405 439 493
16 24 24 101 113 155 159 205 213 251 305 343 397 401 435 451 489 497
17 24 24 105 117 151 259 293 297 339 347 351 355 389 393 405 439 493
18 24 24 109 147 163 197 201 209 243 247 255 301 309 443 447 485 501
